Time - Plot 0	Amplitude - Plot 0
734977	-0.00182027
734978	0.00327242
734979	-0.000547095
734980	-0.000547095
734981	-0.000547095
734982	-0.000547095
734983	-0.00182027
734984	-0.00182027
734985	-0.00182027
734986	-0.00182027
734987	-0.00563978
734988	-0.00182027
734989	-0.00436661
734990	-0.00309344
734991	-0.00436661
734992	-0.00436661
734993	-0.00436661
734994	-0.00436661
734995	-0.00182027
734996	-0.00563978
734997	-0.00182027
734998	-0.00436661
734999	-0.00182027
735000	-0.00309344
735001	-0.000547095
735002	-0.00182027
735003	-0.000547095
735004	-0.000547095
735005	-0.000547095
735006	-0.00182027
735007	0.00199925
735008	-0.00182027
735009	0.00199925
735010	-0.000547095
735011	0.000726075
735012	0.00199925
735013	0.00327242
735014	0.00199925
735015	0.00199925
735016	0.00199925
735017	0.00199925
735018	0.00199925
735019	-0.000547095
735020	0.00199925
735021	-0.000547095
735022	0.000726075
735023	-0.000547095
735024	-0.00182027
735025	-0.00182027
735026	-0.000547095
735027	-0.00182027
735028	-0.00182027
735029	-0.00436661
735030	-0.000547095
735031	-0.00436661
735032	-0.000547095
735033	-0.00436661
735034	-0.00436661
735035	-0.00309344
735036	-0.00309344
735037	-0.00563978
735038	-0.00182027
735039	-0.00436661
735040	-0.000547095
735041	-0.00436661
735042	0.000726075
735043	-0.000547095
735044	-0.000547095
735045	-0.00182027
735046	0.000726075
735047	0.000726075
735048	0.00327242
735049	-0.00182027
735050	0.000726075
735051	0.000726075
735052	0.000726075
735053	0.00199925
735054	0.00199925
735055	0.00199925
735056	-0.000547095
735057	-0.00182027
735058	-0.00182027
735059	-0.000547095
735060	-0.00309344
735061	0.000726075
735062	-0.00436661
735063	-0.00182027
735064	-0.00309344
735065	-0.00436661
735066	-0.00436661
735067	-0.00309344
735068	-0.00182027
735069	-0.00436661
735070	-0.00182027
735071	-0.00309344
735072	-0.000547095
735073	-0.000547095
735074	-0.000547095
735075	-0.000547095
735076	-0.00182027
735077	0.00199925
735078	-0.00182027
735079	0.000726075
735080	0.000726075
735081	0.00199925
735082	0.00199925
735083	0.00327242
735084	0.00327242
735085	0.00327242
735086	0.00199925
735087	0.00199925
735088	-0.00182027
735089	0.000726075
735090	-0.00182027
735091	-0.000547095
735092	-0.00182027
735093	-0.000547095
735094	-0.000547095
735095	-0.00436661
735096	-0.000547095
735097	-0.00309344
735098	-0.00436661
735099	-0.00436661
735100	-0.00309344
735101	-0.000547095
735102	-0.00309344
735103	-0.00182027
735104	-0.00436661
735105	-0.00182027
735106	-0.00182027
735107	-0.00182027
735108	-0.00182027
735109	0.000726075
735110	-0.000547095
735111	0.00327242
735112	-0.000547095
735113	0.00199925
735114	-0.000547095
735115	0.00199925
735116	0.00199925
735117	0.000726075
735118	0.00327242
735119	0.00199925
735120	0.00199925
735121	-0.000547095
735122	0.00199925
735123	0.000726075
735124	0.00327242
735125	-0.000547095
735126	-0.000547095
735127	-0.000547095
735128	-0.000547095
735129	-0.00182027
735130	-0.00182027
735131	-0.000547095
735132	-0.00182027
735133	-0.00309344
735134	-0.00182027
735135	-0.00436661
735136	-0.00309344
735137	-0.00182027
735138	-0.00563978
735139	-0.000547095
735140	-0.00436661
735141	-0.00436661
735142	-0.00436661
735143	-0.000547095
735144	-0.00563978
735145	-0.00182027
735146	-0.00182027
735147	-0.00182027
735148	-0.000547095
735149	-0.000547095
735150	-0.00182027
735151	0.00199925
735152	-0.00182027
735153	0.000726075
735154	-0.00182027
735155	0.00199925
735156	-0.00182027
735157	0.000726075
735158	0.000726075
735159	0.000726075
735160	0.000726075
735161	0.00199925
735162	0.00199925
735163	0.000726075
735164	0.00199925
735165	-0.00182027
735166	0.00199925
735167	-0.000547095
735168	-0.00182027
735169	-0.00182027
735170	-0.00182027
735171	-0.00182027
735172	-0.000547095
735173	-0.00182027
735174	-0.00309344
735175	-0.000547095
735176	-0.00436661
735177	-0.00182027
735178	-0.00436661
735179	-0.00436661
735180	-0.00436661
735181	-0.00436661
735182	-0.00563978
735183	-0.00436661
735184	-0.00309344
735185	-0.00563978
735186	-0.00182027
735187	-0.00436661
735188	-0.000547095
735189	-0.00182027
735190	-0.000547095
735191	-0.000547095
735192	0.00199925
735193	-0.000547095
735194	-0.00182027
735195	-0.00182027
735196	0.00199925
735197	-0.000547095
735198	0.00199925
735199	-0.00182027
735200	0.000726075
735201	0.000726075
735202	0.00327242
735203	0.00327242
735204	0.00199925
735205	0.00199925
735206	0.00199925
735207	0.00199925
735208	-0.000547095
735209	0.000726075
735210	-0.000547095
735211	0.00199925
735212	-0.000547095
735213	-0.000547095
735214	-0.00182027
735215	-0.00182027
735216	-0.000547095
735217	-0.000547095
735218	-0.00436661
735219	-0.00182027
735220	-0.00182027
735221	-0.00436661
735222	-0.00436661
735223	-0.00436661
735224	-0.00436661
735225	-0.00436661
735226	-0.00436661
735227	-0.00436661
735228	-0.00309344
735229	-0.000547095
735230	-0.00309344
735231	-0.000547095
735232	-0.00309344
735233	-0.00182027
735234	-0.00182027
735235	-0.000547095
735236	-0.00182027
735237	-0.000547095
735238	-0.000547095
735239	0.00199925
735240	-0.00182027
735241	0.00327242
735242	-0.00182027
735243	0.00327242
735244	0.000726075
735245	0.00199925
735246	0.00199925
735247	0.000726075
735248	0.00199925
735249	0.00199925
735250	-0.00182027
735251	0.00199925
735252	-0.000547095
735253	0.00327242
735254	-0.000547095
735255	-0.00182027
735256	-0.000547095
735257	-0.00182027
735258	-0.000547095
735259	-0.00182027
735260	-0.00436661
735261	-0.000547095
735262	-0.00436661
735263	-0.00182027
735264	-0.00436661
735265	-0.00436661
735266	-0.00309344
735267	-0.00436661
735268	-0.00309344
735269	-0.00436661
735270	-0.00309344
735271	-0.00309344
735272	-0.00182027
735273	-0.00309344
735274	-0.00182027
735275	-0.000547095
735276	-0.000547095
735277	-0.000547095
735278	-0.00182027
735279	-0.000547095
735280	0.00199925
735281	-0.000547095
735282	0.00199925
735283	-0.00182027
735284	0.00199925
735285	0.00199925
735286	0.00199925
735287	0.00327242
735288	0.00199925
735289	0.00199925
735290	-0.00182027
735291	0.00199925
735292	-0.000547095
735293	0.00327242
735294	-0.000547095
735295	0.00199925
735296	-0.000547095
735297	-0.000547095
735298	-0.000547095
735299	-0.000547095
735300	-0.000547095
735301	-0.000547095
735302	-0.00563978
735303	-0.00182027
735304	-0.00309344
735305	-0.00436661
735306	-0.00436661
735307	-0.00436661
735308	-0.00182027
735309	-0.00436661
735310	-0.00436661
735311	-0.00436661
735312	-0.00436661
735313	-0.00309344
735314	-0.00182027
735315	-0.00436661
735316	-0.00182027
735317	-0.00182027
735318	-0.000547095
735319	-0.00182027
735320	-0.00182027
735321	-0.00182027
735322	-0.00182027
735323	-0.000547095
735324	0.000726075
735325	-0.000547095
735326	0.00327242
735327	0.00199925
735328	0.000726075
735329	0.000726075
735330	0.00199925
735331	0.000726075
735332	0.00327242
735333	0.000726075
735334	0.0083651
735335	0.0172773
735336	0.0249163
735337	0.0516529
735338	0.0834822
735339	0.121677
735340	0.166238
735341	0.22735
735342	0.298648
735343	0.367399
735344	0.429784
735345	0.493443
735346	0.536731
735347	0.563467
735348	0.559648
735349	0.541823
735350	0.508721
735351	0.452702
735352	0.382677
735353	0.312653
735354	0.241355
735355	0.159872
735356	0.0923943
735357	0.0312822
735358	-0.0170983
735359	-0.0692983
735360	-0.104947
735361	-0.129137
735362	-0.143142
735363	-0.159693
735364	-0.164786
735365	-0.159693
735366	-0.154601
735367	-0.16224
735368	-0.160967
735369	-0.15842
735370	-0.154601
735371	-0.159693
735372	-0.163513
735373	-0.157147
735374	-0.154601
735375	-0.159693
735376	-0.160967
735377	-0.159693
735378	-0.149508
735379	-0.135503
735380	-0.118952
735381	-0.0871227
735382	-0.0540203
735383	-0.0158251
735384	0.0210968
735385	0.0618383
735386	0.101307
735387	0.130589
735388	0.159872
735389	0.181516
735390	0.198067
735391	0.196794
735392	0.191702
735393	0.181516
735394	0.166238
735395	0.143321
735396	0.112765
735397	0.0873017
735398	0.0580187
735399	0.0287358
735400	-0.00436661
735401	-0.0247373
735402	-0.0463812
735403	-0.0692983
735404	-0.0858495
735405	-0.0960349
735406	-0.103674
735407	-0.108767
735408	-0.115132
735409	-0.10622
735410	-0.103674
735411	-0.0922154
735412	-0.0794837
735413	-0.0591129
735414	-0.0361959
735415	-0.014552
735416	0.0109114
735417	0.0363748
735418	0.0643846
735419	0.0796626
735420	0.097487
735421	0.108946
735422	0.115311
735423	0.112765
735424	0.107672
735425	0.0962139
735426	0.0885748
735427	0.0732968
735428	0.0516529
735429	0.0401944
735430	0.0210968
735431	0.000726075
735432	-0.014552
735433	-0.0272837
735434	-0.037469
735435	-0.0502007
735436	-0.0578398
735437	-0.066752
735438	-0.0718446
735439	-0.0807568
735440	-0.0807568
735441	-0.0833032
735442	-0.0833032
735443	-0.0833032
735444	-0.0845763
735445	-0.0794837
735446	-0.074391
735447	-0.0705715
735448	-0.0591129
735449	-0.0489276
735450	-0.0311032
735451	-0.0209178
735452	-0.00182027
735453	0.0210968
735454	0.0414675
735455	0.0605651
735456	0.0796626
735457	0.097487
735458	0.114038
735459	0.12295
735460	0.128043
735461	0.136955
735462	0.134409
735463	0.128043
735464	0.120404
735465	0.108946
735466	0.0936675
735467	0.0783895
735468	0.0592919
735469	0.0440139
735470	0.0236431
735471	0.00709193
735472	-0.0132788
735473	-0.0285568
735474	-0.0425617
735475	-0.0552934
735476	-0.0680251
735477	-0.0769373
735478	-0.0807568
735479	-0.0909422
735480	-0.0922154
735481	-0.097308
735482	-0.0934885
735483	-0.0960349
735484	-0.0947617
735485	-0.0871227
735486	-0.0807568
735487	-0.0731178
735488	-0.0616593
735489	-0.0502007
735490	-0.0336495
735491	-0.0170983
735492	-0.000547095
735493	0.0185505
735494	0.0363748
735495	0.0491066
735496	0.0643846
735497	0.07457
735498	0.0860285
735499	0.0873017
735500	0.0885748
735501	0.089848
735502	0.0860285
735503	0.07457
735504	0.0707504
735505	0.0592919
735506	0.0516529
735507	0.0363748
735508	0.0274627
735509	0.0147309
735510	0.00327242
735511	-0.00945929
735512	-0.0170983
735513	-0.0247373
735514	-0.0311032
735515	-0.0361959
735516	-0.0425617
735517	-0.0400154
735518	-0.0451081
735519	-0.0425617
735520	-0.0451081
735521	-0.0387422
735522	-0.0361959
735523	-0.0349227
735524	-0.0285568
735525	-0.022191
735526	-0.0170983
735527	-0.0120056
735528	-0.00309344
735529	0.000726075
735530	0.00709193
735531	0.0134578
735532	0.0160041
735533	0.02237
735534	0.0236431
735535	0.0210968
735536	0.0249163
735537	0.0249163
735538	0.02237
735539	0.0160041
735540	0.0172773
735541	0.0121846
735542	0.00709193
735543	0.00199925
735544	-0.00182027
735545	-0.00818612
735546	-0.00818612
735547	-0.0170983
735548	-0.0196447
735549	-0.0234642
735550	-0.0247373
735551	-0.0260105
735552	-0.02983
735553	-0.0272837
735554	-0.0272837
735555	-0.0285568
735556	-0.0260105
735557	-0.022191
735558	-0.0158251
735559	-0.0170983
735560	-0.00691295
735561	-0.00182027
735562	0.00581876
735563	0.0083651
735564	0.0109114
735565	0.0210968
735566	0.0261895
735567	0.0287358
735568	0.0312822
735569	0.037648
735570	0.037648
735571	0.037648
735572	0.0401944
735573	0.0401944
735574	0.037648
735575	0.0338285
735576	0.0249163
735577	0.0249163
735578	0.0160041
735579	0.0121846
735580	-0.000547095
735581	-0.00563978
735582	-0.0132788
735583	-0.0196447
735584	-0.0285568
735585	-0.02983
735586	-0.0387422
735587	-0.0400154
735588	-0.0476544
735589	-0.0463812
735590	-0.0527471
735591	-0.0514739
735592	-0.0502007
735593	-0.0489276
735594	-0.0476544
735595	-0.0451081
735596	-0.0412885
735597	-0.0361959
735598	-0.02983
735599	-0.0260105
735600	-0.0158251
735601	-0.00818612
735602	-0.00182027
735603	0.00709193
735604	0.0134578
735605	0.0198236
735606	0.0236431
735607	0.0325553
735608	0.0351017
735609	0.0427407
735610	0.045287
735611	0.0491066
735612	0.0478334
735613	0.0491066
735614	0.0478334
735615	0.045287
735616	0.0401944
735617	0.037648
735618	0.0287358
735619	0.02237
735620	0.0134578
735621	0.00963827
735622	-0.00182027
735623	-0.00945929
735624	-0.0170983
735625	-0.0209178
735626	-0.0272837
735627	-0.0323764
735628	-0.0323764
735629	-0.0336495
735630	-0.0361959
735631	-0.037469
735632	-0.037469
735633	-0.0349227
735634	-0.0311032
735635	-0.0323764
735636	-0.0272837
735637	-0.0260105
735638	-0.0209178
735639	-0.0170983
735640	-0.014552
735641	-0.00945929
735642	-0.00691295
735643	-0.00309344
735644	0.000726075
735645	0.00454559
735646	0.00454559
735647	0.0109114
735648	0.00963827
735649	0.0160041
735650	0.0147309
735651	0.0160041
735652	0.0172773
735653	0.0185505
735654	0.0185505
735655	0.0185505
735656	0.0134578
735657	0.0160041
735658	0.0109114
735659	0.0109114
735660	0.00327242
735661	0.000726075
735662	-0.00182027
735663	-0.00563978
735664	-0.00436661
735665	-0.00945929
735666	-0.0132788
735667	-0.014552
735668	-0.0120056
735669	-0.014552
735670	-0.0132788
735671	-0.0170983
735672	-0.0120056
735673	-0.0132788
735674	-0.0107325
735675	-0.0107325
735676	-0.00945929
735677	-0.00691295
735678	-0.00436661
735679	-0.00309344
735680	0.000726075
735681	0.000726075
735682	0.00454559
735683	0.00709193
735684	0.00963827
735685	0.0121846
735686	0.0109114
735687	0.0134578
735688	0.0134578
735689	0.0160041
735690	0.0147309
735691	0.0121846
735692	0.0147309
735693	0.0134578
735694	0.0109114
735695	0.00963827
735696	0.0083651
735697	0.00581876
735698	-0.000547095
735699	0.000726075
735700	-0.00309344
735701	-0.00309344
735702	-0.00691295
735703	-0.00818612
735704	-0.00818612
735705	-0.00818612
735706	-0.00691295
735707	-0.00691295
735708	-0.00691295
735709	-0.00182027
735710	-0.00436661
735711	-0.000547095
735712	-0.00182027
735713	0.00327242
735714	0.00327242
735715	0.00454559
735716	0.00581876
735717	0.0083651
735718	0.0109114
735719	0.0134578
735720	0.0109114
735721	0.0147309
735722	0.0147309
735723	0.0134578
735724	0.0134578
735725	0.0121846
735726	0.0147309
735727	0.0109114
735728	0.0109114
735729	0.00709193
735730	0.00963827
735731	0.00199925
735732	0.00199925
735733	-0.000547095
735734	-0.00182027
735735	-0.00563978
735736	-0.00691295
735737	-0.00818612
735738	-0.00945929
735739	-0.0107325
735740	-0.0120056
735741	-0.014552
735742	-0.0120056
735743	-0.0158251
735744	-0.0158251
735745	-0.0132788
735746	-0.0120056
735747	-0.00818612
735748	-0.0107325
735749	-0.00818612
735750	-0.00818612
735751	-0.00436661
735752	-0.00436661
735753	-0.00182027
735754	0.000726075
735755	0.00199925
735756	0.00454559
735757	0.0109114
735758	0.0083651
735759	0.0134578
735760	0.0121846
735761	0.0160041
735762	0.0134578
735763	0.0172773
735764	0.0185505
735765	0.0185505
735766	0.0172773
735767	0.0172773
735768	0.0185505
735769	0.0160041
735770	0.0147309
735771	0.0109114
735772	0.0109114
735773	0.00709193
735774	0.00709193
735775	0.00199925
735776	0.000726075
735777	-0.00182027
735778	-0.00436661
735779	-0.00691295
735780	-0.00691295
735781	-0.00563978
735782	-0.00691295
735783	-0.0107325
735784	-0.00818612
735785	-0.0107325
735786	-0.0120056
735787	-0.0107325
735788	-0.00945929
735789	-0.00945929
735790	-0.00818612
735791	-0.00563978
735792	-0.00818612
735793	-0.00436661
735794	-0.00691295
735795	-0.00182027
735796	-0.00309344
735797	0.000726075
735798	0.00199925
735799	0.00199925
735800	0.00454559
735801	0.00581876
735802	0.00454559
735803	0.0083651
735804	0.00581876
735805	0.00963827
735806	0.00581876
735807	0.0083651
735808	0.0083651
735809	0.0083651
735810	0.0083651
735811	0.0083651
735812	0.0083651
735813	0.0083651
735814	0.00709193
735815	0.00454559
735816	0.00709193
735817	0.00454559
735818	0.00709193
735819	0.00454559
735820	0.00327242
735821	0.00454559
735822	0.00327242
735823	0.00199925
735824	0.00327242
735825	-0.000547095
735826	0.00199925
735827	-0.00182027
735828	0.00199925
735829	-0.00182027
735830	-0.00436661
735831	-0.00436661
735832	-0.00436661
735833	-0.00436661
735834	-0.00563978
735835	-0.00309344
735836	-0.00436661
735837	-0.00182027
735838	-0.00563978
735839	-0.00309344
735840	-0.00563978
735841	-0.00309344
735842	-0.00436661
735843	-0.00436661
735844	-0.00436661
735845	-0.00436661
735846	-0.00563978
735847	-0.00436661
735848	-0.00436661
735849	-0.000547095
735850	-0.00436661
735851	-0.00182027
735852	-0.000547095
735853	-0.000547095
735854	-0.000547095
735855	0.000726075
735856	0.000726075
735857	0.000726075
735858	0.00327242
735859	-0.000547095
735860	0.00454559
735861	0.00199925
735862	0.00199925
735863	0.00199925
735864	0.00327242
735865	0.00327242
735866	0.00454559
735867	0.00199925
735868	0.00454559
735869	0.00199925
735870	0.00454559
735871	0.000726075
735872	-0.000547095
735873	-0.000547095
735874	-0.00182027
735875	-0.00182027
735876	-0.00182027
735877	0.000726075
735878	-0.00182027
735879	-0.000547095
735880	-0.00309344
735881	-0.00182027
735882	-0.00182027
735883	-0.00436661
735884	-0.00309344
735885	-0.00309344
735886	-0.00436661
735887	-0.00182027
735888	-0.00563978
735889	-0.00309344
735890	-0.00563978
735891	-0.00309344
735892	-0.00563978
735893	-0.00182027
735894	-0.00182027
735895	-0.00182027
735896	-0.000547095
735897	0.000726075
735898	-0.000547095
735899	-0.00182027
735900	0.000726075
735901	-0.000547095
735902	0.00327242
735903	0.00199925
735904	0.00327242
735905	0.00454559
735906	0.00454559
735907	0.00581876
735908	0.00709193
735909	0.00454559
735910	0.0083651
735911	0.00581876
735912	0.0083651
735913	0.00709193
735914	0.00709193
735915	0.00581876
735916	0.0083651
735917	0.0083651
735918	0.00709193
735919	0.0083651
735920	0.00963827
735921	0.00709193
735922	0.0083651
735923	0.0083651
735924	0.00709193
735925	0.00581876
735926	0.0083651
735927	0.00454559
735928	0.00581876
735929	0.00199925
735930	0.00454559
735931	0.000726075
735932	0.00199925
735933	0.00327242
735934	0.00327242
735935	0.00199925
735936	0.000726075
735937	0.00199925
735938	-0.000547095
735939	0.000726075
735940	-0.000547095
735941	0.00199925
735942	-0.000547095
735943	-0.000547095
735944	-0.000547095
735945	-0.000547095
735946	-0.000547095
735947	-0.000547095
735948	-0.000547095
735949	-0.00182027
735950	-0.000547095
735951	-0.00309344
735952	-0.00309344
735953	-0.00309344
735954	-0.000547095
735955	0.00199925
735956	0.000726075
735957	0.00454559
735958	0.00199925
735959	0.00199925
735960	0.00709193
735961	0.00709193
735962	0.00963827
735963	0.0083651
735964	0.00709193
735965	0.0083651
735966	0.0121846
735967	0.0083651
735968	0.0083651
735969	0.0121846
735970	0.0121846
735971	0.0134578
735972	0.0134578
735973	0.00963827
735974	0.0134578
735975	0.0121846
735976	0.0121846
735977	0.00709193
735978	0.00963827
735979	0.00709193
735980	0.00454559
735981	0.00327242
735982	0.00327242
735983	0.000726075
735984	0.000726075
735985	-0.000547095
735986	0.000726075
735987	-0.00436661
735988	-0.00436661
735989	-0.00563978
735990	-0.00563978
735991	-0.00691295
735992	-0.00818612
735993	-0.00563978
735994	-0.0107325
735995	-0.00563978
735996	-0.00945929
735997	-0.00691295
735998	-0.00691295
735999	-0.00691295
